4294967278,22
4294967278,21
4294967278,20
4294967278,19
4294967278,33
4294967278,32
4294967278,31
4294967278,30
4294967278,29
4294967278,28
4294967278,27
4294967278,26
4294967278,25
4294967278,24
4294967278,23
4294967278,531
4294967279,339
4294967278,530
4294967279,338
4294967278,208
4294967278,529
4294967279,337
4294967278,206
4294967278,205
4294967278,204
20,5
20,4
4294967278,203
20,3
20,2
20,1
4294967278,528
4294967294,430
4294967278,202
4294967278,201
4294967294,89
19,4
4294967278,200
19,3
19,2
19,1
4294967278,527
4294967278,199
4294967279,336
4294967278,526
4294967279,335
4294967278,525
4294967278,196
4294967278,524
4294967279,334
4294967278,42
4294967278,41
4294967278,40
4294967278,39
4294967278,38
4294967278,37
4294967278,36
4294967278,35
4294967278,34
4294967279,43
4294967279,42
4294967279,41
4294967279,40
4294967279,39
4294967279,36
4294967279,35
4294967279,333
4294967278,523
4294967278,522
4294967279,332
4294967278,193
4294967294,388
4294967294,387
4294967278,192
4294967278,191
18,5
18,4
4294967278,190
18,3
18,2
18,1
4294967278,521
4294967278,189
4294967278,188
17,4
4294967278,187
17,3
17,2
17,1
4294967278,520
4294967278,186
4294967279,331
4294967294,390
4294967278,519
4294967279,330
4294967278,518
4294967278,183
4294967278,517
4294967279,329
4294967279,328
4294967278,516
4294967278,181
4294967278,180
4294967278,179
16,5
16,4
4294967278,178
16,3
16,2
16,1
4294967278,515
4294967278,177
4294967278,308
4294967279,327
4294967278,514
4294967279,326
4294967278,513
4294967278,171
4294967278,512
4294967279,325
4294967279,34
4294967279,33
4294967279,29
4294967279,28
4294967279,27
4294967279,26
4294967279,25
4294967279,24
4294967279,21
4294967279,19
4294967279,16
4294967279,14
4294967279,13
4294967279,12
4294967279,11
4294967279,10
4294967279,324
4294967278,319
4294967279,323
4294967278,318
4294967279,322
4294967278,317
4294967278,165
15,5
4294967278,164
15,4
15,3
15,2
15,1
4294967279,321
4294967278,163
4294967278,162
4294967278,161
14,4
14,3
14,2
14,1
4294967278,160
4294967278,303
4294967294,1356
4294967294,128
4294967294,186
4294967294,956
4294967294,37
4294967278,302
4294967294,50
4294967294,954
4294967294,29
4294967294,440
4294967294,392
4294967294,46
4294967294,389
4294967294,114
4294967294,120
4294967294,2
4294967294,45
4294967278,301
4294967278,300
4294967279,320
4294967279,153
4294967278,316
4294967279,319
4294967294,36
4294967294,39
4294967294,42
4294967294,41
4294967294,81
4294967294,11
4294967294,76
4294967294,53
4294967294,417
4294967294,51
13,5
13,4
13,2
13,1
4294967278,315
4294967278,260
4294967278,0
4294967279,145
4294967294,38
4294967294,40
4294967294,92
4294967294,90
4294967294,87
4294967294,86
4294967294,82
4294967294,22
4294967294,17
4294967294,99
4294967294,107
4294967294,67
4294967294,469
4294967294,84
4294967294,7
4294967294,6
4294967294,94
4294967294,93
4294967294,96
4294967294,95
12,4
4294967279,142
12,3
12,2
12,1
0,5
4294967279,297
4294967294,9
4294967294,8
0,7
4294967294,393
4294967294,44
4294967294,426
4294967294,43
4294967294,52
4294967294,470
4294967294,91
4294967294,88
4294967294,85
4294967294,971
4294967294,1355
4294967278,132
4294967278,131
4294967278,130
4294967278,129
4294967278,128
4294967278,127
4294967278,126
4294967278,125
4294967278,124
4294967278,123
4294967278,122
4294967278,121
4294967278,120
4294967278,119
4294967278,118
4294967278,117
4294967278,116
4294967278,115
4294967278,114
4294967278,113
4294967278,112
4294967278,111
4294967278,110
4294967278,109
4294967278,108
4294967278,107
4294967278,106
4294967278,105
4294967278,104
4294967278,103
4294967278,102
4294967278,101
4294967278,100
4294967278,99
4294967278,98
4294967278,97
4294967278,96
4294967278,95
4294967278,94
4294967278,93
4294967278,92
4294967278,91
4294967278,90
4294967278,89
4294967278,87
4294967278,86
4294967278,85
4294967278,84
4294967278,83
